%YAML:1.0
---
calibration_time: "Wed Jun 26 17:48:13 2019"
image_width: 1280
image_height: 720
board_width: 7
board_height: 7
square_size: 3.5999998450279236e-02
flags: 0
camera_matrix: !!opencv-matrix
   rows: 3
   cols: 3
   dt: d
   data: [ 9.4955929671329261e+02, 0., 6.4892438619962911e+02, 0.,
       9.2470077114429375e+02, 2.6989839593920908e+02, 0., 0., 1. ]
distortion_coefficients: !!opencv-matrix
   rows: 5
   cols: 1
   dt: d
   data: [ 8.6621434802850741e-02, -1.4284784498258760e+00,
       -2.7309314105136397e-02, -4.7780540944845792e-04,
       6.0602532403806606e+00 ]
avg_reprojection_error: 1.4669139622959566e+00
