%YAML:1.0
calibration_time: "Tue Jul  9 12:05:23 2019"
image_width: 1280
image_height: 720
board_width: 10
board_height: 7
square_size: 2.8000000864267349e-02
flags: 0
camera_matrix: !!opencv-matrix
   rows: 3
   cols: 3
   dt: d
   data: [ 9.5954600613072296e+02, 0., 6.4331008645306781e+02, 0.,
       9.5148828429132129e+02, 3.3839951096359761e+02, 0., 0., 1. ]
distortion_coefficients: !!opencv-matrix
   rows: 5
   cols: 1
   dt: d
   data: [ 1.1887858260244358e-01, -7.2157508176171048e-01,
       -2.7736828232091974e-03, 4.2376913238702857e-03,
       1.3054441858714403e+00 ]
avg_reprojection_error: 9.9448264077263571e-01
