%YAML:1.0
---
R: !!opencv-matrix
   rows: 3
   cols: 3
   dt: d
   data: [ 9.9858493800976800e-01, 1.3021232240346920e-02,
       -5.1561313898799047e-02, -5.1524574626437017e-02,
       -3.1415960159140318e-03, -9.9866678556164934e-01,
       -1.3165856963838738e-02, 9.9991028491830991e-01,
       -2.4662370105073251e-03 ]
T: !!opencv-matrix
   rows: 3
   cols: 1
   dt: d
   data: [ -2.1788825617532350e+01, -8.4429984223579058e-01,
       1.2119566940005319e+01 ]
R1: !!opencv-matrix
   rows: 3
   cols: 3
   dt: d
   data: [ 8.7682328908814344e-01, -4.7450373212460972e-01,
       -7.7634579360402467e-02, 2.7756836216191261e-01,
       6.3138208536280183e-01, -7.2409423876293411e-01,
       3.9260250131577529e-01, 6.1335378900169546e-01,
       6.8531774052468575e-01 ]
R2: !!opencv-matrix
   rows: 3
   cols: 3
   dt: d
   data: [ 8.7340684740050178e-01, 3.3843827859843079e-02,
       -4.8581382671730322e-01, 3.2273220882599757e-01,
       7.0684372663504402e-01, 6.2945680352425770e-01,
       3.6469768343137215e-01, -7.0655965171560475e-01,
       6.0643965756480189e-01 ]
P1: !!opencv-matrix
   rows: 3
   cols: 4
   dt: d
   data: [ -8.2728845317451237e+02, 0., 5.0373700046539307e+02, 0., 0.,
       -8.2728845317451237e+02, 4.6239395523071289e+02, 0., 0., 0., 1.,
       0. ]
P2: !!opencv-matrix
   rows: 3
   cols: 4
   dt: d
   data: [ -8.2728845317451237e+02, 0., 5.0373700046539307e+02,
       2.0638312941176020e+04, 0., -8.2728845317451237e+02,
       4.6239395523071289e+02, 0., 0., 0., 1., 0. ]
Q: !!opencv-matrix
   rows: 4
   cols: 4
   dt: d
   data: [ 1., 0., 0., -5.0373700046539307e+02, 0., 1., 0.,
       -4.6239395523071289e+02, 0., 0., 0., -8.2728845317451237e+02, 0.,
       0., 4.0085081350034593e-02, 0. ]
