%YAML:1.0
R: !!opencv-matrix
   rows: 3
   cols: 3
   dt: d
   data: [ 5.7188809185194234e-01, 3.7491189191162858e-02,
       -8.1947447863309142e-01, -2.4948239842892556e-01,
       9.5958589429407803e-01, -1.3020539292205002e-01,
       7.8147459541055797e-01, 2.7890737208770050e-01,
       5.5812913785524387e-01 ]
T: !!opencv-matrix
   rows: 3
   cols: 1
   dt: d
   data: [ -2.8303604536934430e+00, -9.4859648453870582e-01,
       2.8773308800468409e+00 ]
R1: !!opencv-matrix
   rows: 3
   cols: 3
   dt: d
   data: [ -2.0901043325542851e-01, 5.1582616158703187e-02,
       -9.7655203266421053e-01, -1.9976547617840384e-01,
       9.7529818362686005e-01, 9.4271987044734870e-02,
       9.5729221939676989e-01, 2.1478521067422443e-01,
       -1.9354307003361149e-01 ]
R2: !!opencv-matrix
   rows: 3
   cols: 3
   dt: d
   data: [ 6.8266278359537591e-01, 2.2879471616378066e-01,
       -6.9399171590830067e-01, -1.5493189570259952e-01,
       9.7344562874455287e-01, 1.6852215157693806e-01,
       7.1412018007322231e-01, -7.5223489454214719e-03,
       6.9998270169950016e-01 ]
P1: !!opencv-matrix
   rows: 3
   cols: 4
   dt: d
   data: [ 3.9213266605644308e+00, 0., 7.1283065795898438e+02, 0., 0.,
       3.9213266605644308e+00, 3.7280530595779419e+02, 0., 0., 0., 1.,
       0. ]
P2: !!opencv-matrix
   rows: 3
   cols: 4
   dt: d
   data: [ 3.9213266605644308e+00, 0., 7.1283065795898438e+02,
       -1.6258053277229379e+01, 0., 3.9213266605644308e+00,
       3.7280530595779419e+02, 0., 0., 0., 1., 0. ]
Q: !!opencv-matrix
   rows: 4
   cols: 4
   dt: d
   data: [ 1., 0., 0., -7.1283065795898438e+02, 0., 1., 0.,
       -3.7280530595779419e+02, 0., 0., 0., 3.9213266605644308e+00, 0.,
       0., 2.4119287799705652e-01, 0. ]
