%YAML:1.0
---
M1: !!opencv-matrix
   rows: 3
   cols: 3
   dt: d
   data: [ 9.4955929671329261e+02, 0., 6.4892438619962911e+02, 0.,
       9.2470077114429375e+02, 2.6989839593920908e+02, 0., 0., 1. ]
D1: !!opencv-matrix
   rows: 5
   cols: 1
   dt: d
   data: [ 8.6621434802850741e-02, -1.4284784498258760e+00,
       -2.7309314105136397e-02, -4.7780540944845792e-04,
       6.0602532403806606e+00 ]
M2: !!opencv-matrix
   rows: 3
   cols: 3
   dt: d
   data: [ 6.0771927212954058e-01, 0., 2.2683813168999354e+01, 0.,
       1.0694491990266863e+03, 1.5632979483371005e+02, 0., 0., 1. ]
D2: !!opencv-matrix
   rows: 5
   cols: 1
   dt: d
   data: [ -1.1291630721488963e-03, -6.2606375770700353e-06,
       -1.9776837117586944e-04, -1.6730065227799538e-02,
       6.2250653999834817e-09 ]
