%YAML:1.0
M1: !!opencv-matrix
   rows: 3
   cols: 3
   dt: d
   data: [ 9.5954600613072296e+02, 0., 6.4331008645306781e+02, 0.,
       9.5148828429132129e+02, 3.3839951096359761e+02, 0., 0., 1. ]
D1: !!opencv-matrix
   rows: 5
   cols: 1
   dt: d
   data: [ 1.1887858260244358e-01, -7.2157508176171048e-01,
       -2.7736828232091974e-03, 4.2376913238702857e-03,
       1.3054441858714403e+00 ]
M2: !!opencv-matrix
   rows: 3
   cols: 3
   dt: d
   data: [ 3.3236911344809948e+02, 0., 3.3683287548669136e+02, 0.,
       4.3044129396263151e+02, 2.0813108944457747e+02, 0., 0., 1. ]
D2: !!opencv-matrix
   rows: 5
   cols: 1
   dt: d
   data: [ 1.6754130231922158e-02, 8.6172327807967131e-02,
       -8.8367855905670853e-02, 3.3453859711311804e-02,
       -1.0098166174159617e-01 ]
