%YAML:1.0
---
fig: 0
point: [ 9.20339355e+02, 6.13959656e+02, 8.18465149e+02, 6.13970459e+02,
    7.15831970e+02, 6.13957092e+02, 6.13404968e+02, 6.13962769e+02,
    5.11498871e+02, 6.13972534e+02, 4.08960388e+02, 6.13973816e+02,
    3.07165588e+02, 6.13958374e+02, 2.04537033e+02, 6.13972351e+02,
    1.02021515e+02, 6.13993958e+02, 9.20336792e+02, 5.11473785e+02,
    8.18462158e+02, 5.11471954e+02, 7.15827820e+02, 5.11471497e+02,
    6.13402710e+02, 5.11473022e+02, 5.11499878e+02, 5.11473389e+02,
    4.08961609e+02, 5.11472473e+02, 3.07169250e+02, 5.11472198e+02,
    2.04535950e+02, 5.11471710e+02, 1.02098106e+02, 5.11474640e+02,
    9.20336853e+02, 4.08878571e+02, 8.18463440e+02, 4.08916138e+02,
    7.15824890e+02, 4.08878387e+02, 6.13414307e+02, 4.08858948e+02,
    5.11500519e+02, 4.08914886e+02, 4.08960114e+02, 4.08916992e+02,
    3.07168976e+02, 4.08881134e+02, 2.04537155e+02, 4.08916962e+02,
    1.02025391e+02, 4.08904114e+02, 9.20342651e+02, 3.07121582e+02,
    8.18462402e+02, 3.07081573e+02, 7.15830017e+02, 3.07124329e+02,
    6.13412842e+02, 3.07140747e+02, 5.11500854e+02, 3.07084015e+02,
    4.08960815e+02, 3.07083740e+02, 3.07169098e+02, 3.07123322e+02,
    2.04539337e+02, 3.07081360e+02, 1.02125488e+02, 3.07178345e+02,
    9.20338623e+02, 2.04524857e+02, 8.18463684e+02, 2.04525833e+02,
    7.15829773e+02, 2.04526871e+02, 6.13401672e+02, 2.04524811e+02,
    5.11500305e+02, 2.04527283e+02, 4.08958588e+02, 2.04526123e+02,
    3.07168274e+02, 2.04527466e+02, 2.04537552e+02, 2.04525009e+02,
    1.02036827e+02, 2.04526733e+02, 9.20336609e+02, 1.02041389e+02,
    8.18463135e+02, 1.02026688e+02, 7.15829224e+02, 1.02043465e+02,
    6.13400452e+02, 1.02041107e+02, 5.11501190e+02, 1.02028053e+02,
    4.08961212e+02, 1.02028267e+02, 3.07171783e+02, 1.02043770e+02,
    2.04536240e+02, 1.02028175e+02, 1.02098579e+02, 1.02077255e+02 ]
fig: 1
point: [ 9.20339355e+02, 6.13959656e+02, 8.18465149e+02, 6.13970459e+02,
    7.15831970e+02, 6.13957092e+02, 6.13404968e+02, 6.13962769e+02,
    5.11498871e+02, 6.13972534e+02, 4.08960388e+02, 6.13973816e+02,
    3.07165588e+02, 6.13958374e+02, 2.04537033e+02, 6.13972351e+02,
    1.02021515e+02, 6.13993958e+02, 9.20336792e+02, 5.11473785e+02,
    8.18462158e+02, 5.11471954e+02, 7.15827820e+02, 5.11471497e+02,
    6.13402710e+02, 5.11473022e+02, 5.11499878e+02, 5.11473389e+02,
    4.08961609e+02, 5.11472473e+02, 3.07169250e+02, 5.11472198e+02,
    2.04535950e+02, 5.11471710e+02, 1.02098106e+02, 5.11474640e+02,
    9.20336853e+02, 4.08878571e+02, 8.18463440e+02, 4.08916138e+02,
    7.15824890e+02, 4.08878387e+02, 6.13414307e+02, 4.08858948e+02,
    5.11500519e+02, 4.08914886e+02, 4.08960114e+02, 4.08916992e+02,
    3.07168976e+02, 4.08881134e+02, 2.04537155e+02, 4.08916962e+02,
    1.02025391e+02, 4.08904114e+02, 9.20342651e+02, 3.07121582e+02,
    8.18462402e+02, 3.07081573e+02, 7.15830017e+02, 3.07124329e+02,
    6.13412842e+02, 3.07140747e+02, 5.11500854e+02, 3.07084015e+02,
    4.08960815e+02, 3.07083740e+02, 3.07169098e+02, 3.07123322e+02,
    2.04539337e+02, 3.07081360e+02, 1.02125488e+02, 3.07178345e+02,
    9.20338623e+02, 2.04524857e+02, 8.18463684e+02, 2.04525833e+02,
    7.15829773e+02, 2.04526871e+02, 6.13401672e+02, 2.04524811e+02,
    5.11500305e+02, 2.04527283e+02, 4.08958588e+02, 2.04526123e+02,
    3.07168274e+02, 2.04527466e+02, 2.04537552e+02, 2.04525009e+02,
    1.02036827e+02, 2.04526733e+02, 9.20336609e+02, 1.02041389e+02,
    8.18463135e+02, 1.02026688e+02, 7.15829224e+02, 1.02043465e+02,
    6.13400452e+02, 1.02041107e+02, 5.11501190e+02, 1.02028053e+02,
    4.08961212e+02, 1.02028267e+02, 3.07171783e+02, 1.02043770e+02,
    2.04536240e+02, 1.02028175e+02, 1.02098579e+02, 1.02077255e+02 ]
fig: 2
point: [ 9.20339355e+02, 6.13959656e+02, 8.18465149e+02, 6.13970459e+02,
    7.15831970e+02, 6.13957092e+02, 6.13404968e+02, 6.13962769e+02,
    5.11498871e+02, 6.13972534e+02, 4.08960388e+02, 6.13973816e+02,
    3.07165588e+02, 6.13958374e+02, 2.04537033e+02, 6.13972351e+02,
    1.02021515e+02, 6.13993958e+02, 9.20336792e+02, 5.11473785e+02,
    8.18462158e+02, 5.11471954e+02, 7.15827820e+02, 5.11471497e+02,
    6.13402710e+02, 5.11473022e+02, 5.11499878e+02, 5.11473389e+02,
    4.08961609e+02, 5.11472473e+02, 3.07169250e+02, 5.11472198e+02,
    2.04535950e+02, 5.11471710e+02, 1.02098106e+02, 5.11474640e+02,
    9.20336853e+02, 4.08878571e+02, 8.18463440e+02, 4.08916138e+02,
    7.15824890e+02, 4.08878387e+02, 6.13414307e+02, 4.08858948e+02,
    5.11500519e+02, 4.08914886e+02, 4.08960114e+02, 4.08916992e+02,
    3.07168976e+02, 4.08881134e+02, 2.04537155e+02, 4.08916962e+02,
    1.02025391e+02, 4.08904114e+02, 9.20342651e+02, 3.07121582e+02,
    8.18462402e+02, 3.07081573e+02, 7.15830017e+02, 3.07124329e+02,
    6.13412842e+02, 3.07140747e+02, 5.11500854e+02, 3.07084015e+02,
    4.08960815e+02, 3.07083740e+02, 3.07169098e+02, 3.07123322e+02,
    2.04539337e+02, 3.07081360e+02, 1.02125488e+02, 3.07178345e+02,
    9.20338623e+02, 2.04524857e+02, 8.18463684e+02, 2.04525833e+02,
    7.15829773e+02, 2.04526871e+02, 6.13401672e+02, 2.04524811e+02,
    5.11500305e+02, 2.04527283e+02, 4.08958588e+02, 2.04526123e+02,
    3.07168274e+02, 2.04527466e+02, 2.04537552e+02, 2.04525009e+02,
    1.02036827e+02, 2.04526733e+02, 9.20336609e+02, 1.02041389e+02,
    8.18463135e+02, 1.02026688e+02, 7.15829224e+02, 1.02043465e+02,
    6.13400452e+02, 1.02041107e+02, 5.11501190e+02, 1.02028053e+02,
    4.08961212e+02, 1.02028267e+02, 3.07171783e+02, 1.02043770e+02,
    2.04536240e+02, 1.02028175e+02, 1.02098579e+02, 1.02077255e+02 ]
fig: 3
point: [ 9.20339355e+02, 6.13959656e+02, 8.18465149e+02, 6.13970459e+02,
    7.15831970e+02, 6.13957092e+02, 6.13404968e+02, 6.13962769e+02,
    5.11498871e+02, 6.13972534e+02, 4.08960388e+02, 6.13973816e+02,
    3.07165588e+02, 6.13958374e+02, 2.04537033e+02, 6.13972351e+02,
    1.02021515e+02, 6.13993958e+02, 9.20336792e+02, 5.11473785e+02,
    8.18462158e+02, 5.11471954e+02, 7.15827820e+02, 5.11471497e+02,
    6.13402710e+02, 5.11473022e+02, 5.11499878e+02, 5.11473389e+02,
    4.08961609e+02, 5.11472473e+02, 3.07169250e+02, 5.11472198e+02,
    2.04535950e+02, 5.11471710e+02, 1.02098106e+02, 5.11474640e+02,
    9.20336853e+02, 4.08878571e+02, 8.18463440e+02, 4.08916138e+02,
    7.15824890e+02, 4.08878387e+02, 6.13414307e+02, 4.08858948e+02,
    5.11500519e+02, 4.08914886e+02, 4.08960114e+02, 4.08916992e+02,
    3.07168976e+02, 4.08881134e+02, 2.04537155e+02, 4.08916962e+02,
    1.02025391e+02, 4.08904114e+02, 9.20342651e+02, 3.07121582e+02,
    8.18462402e+02, 3.07081573e+02, 7.15830017e+02, 3.07124329e+02,
    6.13412842e+02, 3.07140747e+02, 5.11500854e+02, 3.07084015e+02,
    4.08960815e+02, 3.07083740e+02, 3.07169098e+02, 3.07123322e+02,
    2.04539337e+02, 3.07081360e+02, 1.02125488e+02, 3.07178345e+02,
    9.20338623e+02, 2.04524857e+02, 8.18463684e+02, 2.04525833e+02,
    7.15829773e+02, 2.04526871e+02, 6.13401672e+02, 2.04524811e+02,
    5.11500305e+02, 2.04527283e+02, 4.08958588e+02, 2.04526123e+02,
    3.07168274e+02, 2.04527466e+02, 2.04537552e+02, 2.04525009e+02,
    1.02036827e+02, 2.04526733e+02, 9.20336609e+02, 1.02041389e+02,
    8.18463135e+02, 1.02026688e+02, 7.15829224e+02, 1.02043465e+02,
    6.13400452e+02, 1.02041107e+02, 5.11501190e+02, 1.02028053e+02,
    4.08961212e+02, 1.02028267e+02, 3.07171783e+02, 1.02043770e+02,
    2.04536240e+02, 1.02028175e+02, 1.02098579e+02, 1.02077255e+02 ]
