%YAML:1.0
---
calibration_time: "Wed Jun 26 17:48:13 2019"
image_width: 640
image_height: 400
board_width: 7
board_height: 7
square_size: 3.5999998450279236e-02
flags: 0
camera_matrix: !!opencv-matrix
   rows: 3
   cols: 3
   dt: d
   data: [ 6.0771927212954058e-01, 0., 2.2683813168999354e+01, 0.,
       1.0694491990266863e+03, 1.5632979483371005e+02, 0., 0., 1. ]
distortion_coefficients: !!opencv-matrix
   rows: 5
   cols: 1
   dt: d
   data: [ -1.1291630721488963e-03, -6.2606375770700353e-06,
       -1.9776837117586944e-04, -1.6730065227799538e-02,
       6.2250653999834817e-09 ]
avg_reprojection_error: 2.1196079870960247e+01
