%YAML:1.0
calibration_time: "Tue Jul  9 12:05:23 2019"
image_width: 640
image_height: 400
board_width: 10
board_height: 7
square_size: 2.8000000864267349e-02
flags: 0
camera_matrix: !!opencv-matrix
   rows: 3
   cols: 3
   dt: d
   data: [ 3.3236911344809948e+02, 0., 3.3683287548669136e+02, 0.,
       4.3044129396263151e+02, 2.0813108944457747e+02, 0., 0., 1. ]
distortion_coefficients: !!opencv-matrix
   rows: 5
   cols: 1
   dt: d
   data: [ 1.6754130231922158e-02, 8.6172327807967131e-02,
       -8.8367855905670853e-02, 3.3453859711311804e-02,
       -1.0098166174159617e-01 ]
avg_reprojection_error: 7.5055963960454228e+00
